Kodutöö nr 7b-1.                                                     Programmi väljund
====================================================================================

n=8 puhul leian sellised summad:
[2, 4, 2]
[2, 6]
[6, 2]
Neid oli 3

n=14 puhul leian sellised summad:
[2, 4, 2, 4, 2]
[2, 4, 2, 6]
[2, 4, 6, 2]
[2, 6, 2, 4]
[2, 6, 4, 2]
[4, 2, 6, 2]
[4, 6, 4]
[6, 2, 4, 2]
[6, 2, 6]
Neid oli 9

n=20 puhul leian sellised summad:
[2, 4, 2, 4, 2, 4, 2]
[2, 4, 2, 4, 2, 6]
[2, 4, 2, 4, 6, 2]
[2, 4, 2, 6, 2, 4]
[2, 4, 2, 6, 4, 2]
[2, 4, 6, 2, 4, 2]
[2, 4, 6, 2, 6]
[2, 6, 2, 4, 2, 4]
[2, 6, 2, 4, 6]
[2, 6, 2, 6, 4]
[2, 6, 4, 2, 4, 2]
[2, 6, 4, 2, 6]
[2, 6, 4, 6, 2]
[4, 2, 4, 2, 6, 2]
[4, 2, 4, 6, 4]
[4, 2, 6, 2, 4, 2]
[4, 2, 6, 2, 6]
[4, 6, 2, 6, 2]
[4, 6, 4, 2, 4]
[4, 6, 4, 6]
[6, 2, 4, 2, 4, 2]
[6, 2, 4, 2, 6]
[6, 2, 4, 6, 2]
[6, 2, 6, 2, 4]
[6, 2, 6, 4, 2]
[6, 4, 2, 6, 2]
[6, 4, 6, 4]
Neid oli 27

====================================================================================
Joosep Näks                                                  2020-04-06 17:46:24.96
